71,4
71,3
71,2
71,1
71,0
70,5
70,4
70,3
70,2
70,1
70,0
67,3
67,2
67,1
67,0
66,3
66,2
66,1
66,0
65,3
65,2
65,1
65,0
64,3
64,2
64,1
64,0
63,4
63,3
63,2
63,1
63,0
62,4
62,3
62,2
62,1
62,0
61,5
61,4
61,3
61,2
61,1
61,0
60,5
60,4
60,3
60,2
60,1
60,0
57,5
57,4
57,3
57,2
57,1
57,0
55,5
55,4
55,3
55,2
55,1
55,0
53,5
53,4
53,3
53,2
53,1
53,0
46,4
46,3
46,2
46,1
46,0
43,3
43,2
43,1
43,0
37,2
37,1
37,0
36,2
36,1
36,0
35,2
35,1
35,0
4,3
2,3
2,2
2,1
2,0
1,3
0,300
0,299
0,298
0,297
0,296
0,295
0,294
0,293
0,292
0,291
0,290
0,289
0,288
0,287
0,286
0,285
0,284
0,283
0,282
0,281
0,280
0,279
0,278
0,277
0,276
0,275
0,274
0,273
0,272
0,271
0,270
0,269
0,268
0,267
0,266
0,265
0,264
0,263
0,262
0,261
0,260
0,259
0,258
0,257
0,256
0,255
0,254
0,253
0,252
0,251
0,250
0,249
0,248
0,247
0,246
0,245
0,244
0,243
0,242
0,241
0,240
0,239
0,238
0,237
0,236
0,235
0,234
0,233
0,232
0,231
0,230
0,229
0,228
0,227
0,226
0,225
0,224
0,223
0,222
0,221
0,220
0,219
0,218
0,217
0,216
0,215
0,214
0,213
0,212
0,211
0,210
0,209
0,208
0,207
0,206
0,205
0,204
0,203
0,202
0,201
0,200
0,199
0,198
0,197
0,196
0,195
0,194
0,193
0,192
0,63
0,62
0,61
0,60
0,59
0,58
0,57
0,56
0,55
0,54
0,53
0,52
0,51
0,50
0,49
0,48
0,47
0,46
0,45
0,9
0,2
0,1
0,0
35,45
37,44
36,44
35,44
37,43
36,43
35,43
37,42
36,42
35,42
37,41
36,41
35,41
37,40
36,40
35,40
37,39
36,39
35,39
37,38
36,38
35,38
37,37
36,37
35,37
37,36
36,36
35,36
37,35
36,35
35,35
37,34
36,34
35,34
37,33
36,33
35,33
37,32
36,32
35,32
37,31
36,31
35,31
37,30
36,30
35,30
37,29
36,29
35,29
37,28
36,28
35,28
37,27
36,27
35,27
37,26
36,26
35,26
37,25
36,25
35,25
37,24
36,24
35,24
37,23
36,23
35,23
37,22
36,22
35,22
37,21
36,21
35,21
37,20
36,20
35,20
37,19
36,19
35,19
37,18
36,18
35,18
37,17
36,17
35,17
37,16
36,16
35,16
37,15
36,15
35,15
37,14
36,14
35,14
37,13
36,13
35,13
37,12
36,12
35,12
37,11
36,11
35,11
37,10
36,10
35,10
37,9
36,9
35,9
37,8
36,8
35,8
37,7
36,7
35,7
37,6
36,6
35,6
37,5
36,5
35,5
37,4
36,4
35,4
37,3
36,3
35,3
0,6
0,5
0,304
0,303
0,306
0,305
0,302
0,12
0,10
0,8
0,11
0,7
0,4
0,3
